57.2546904307,-29.9776464711,2.5e-05
57.2767960366,-29.9695644087,2.5e-05
57.2941046754,-30.0392772716,2.5e-05
57.3151346522,-29.9703719022,2.5e-05
57.3025779755,-29.9828917543,2.5e-05
57.3072758464,-30.0011822596,2.5e-05
57.2956822807,-30.0127955268,2.5e-05
57.3249129465,-29.9980556308,2.5e-05
57.3004910517,-30.01076278,2.5e-05
57.2726433421,-29.9711297416,2.5e-05
57.3347738784,-29.960439803,2.5e-05
57.2554928917,-30.0145956279,2.5e-05
57.2770973193,-30.0207160257,2.5e-05
57.2714654872,-30.0060138822,2.5e-05
57.3027926473,-30.0239915011,2.5e-05
57.3197908945,-30.0011963522,2.5e-05
57.2997373679,-30.0067889325,2.5e-05
57.2790824303,-30.0089020611,2.5e-05
57.2534665008,-30.0090369508,2.5e-05
57.3031070555,-30.0165801321,2.5e-05
57.3170037918,-30.0229475981,2.5e-05
57.2676337357,-30.012483075,2.5e-05
57.3135340206,-29.9605537746,2.5e-05
57.2935580927,-30.0022522446,2.5e-05
57.2845646965,-30.0257548685,2.5e-05
57.3253140858,-30.0143374291,2.5e-05
57.2851112671,-30.0325291366,2.5e-05
57.2604740527,-29.9743332057,2.5e-05
57.3064882504,-30.0297575859,2.5e-05
57.2827806275,-29.9751247532,2.5e-05
57.3024475602,-29.9769597703,2.5e-05
57.2486561762,-30.0148735968,2.5e-05
57.3273214061,-30.0258408788,2.5e-05
57.3142992981,-29.977190076,2.5e-05
57.3425922743,-29.9965181413,2.5e-05
57.3364137564,-29.9685847368,2.5e-05
57.3000085477,-29.9592875203,2.5e-05
57.3131439273,-29.9933452144,2.5e-05
57.3291712671,-30.018737377,2.5e-05
57.3126805207,-29.9791367918,2.5e-05
57.2831670226,-29.9755037212,2.5e-05
57.2636987755,-29.9714790791,2.5e-05
57.2877255318,-29.9840047155,2.5e-05
57.2536977454,-29.9724152477,2.5e-05
57.278842835,-29.9600318905,2.5e-05
57.2784933947,-29.9598473426,2.5e-05
57.2615397528,-29.9867976375,2.5e-05
57.2658339754,-29.9865697078,2.5e-05
57.258112269,-30.0206262235,2.5e-05
57.2803469678,-29.9862180467,2.5e-05
57.3127089925,-30.0035785608,2.5e-05
57.2609728611,-29.9808013346,2.5e-05
57.3328767114,-30.0416149279,2.5e-05
57.3304552749,-29.9616587786,2.5e-05
57.3133860378,-29.9747769514,2.5e-05
57.3368636067,-30.0323832108,2.5e-05
57.2810623252,-29.9974251618,2.5e-05
57.2714525111,-30.0369665856,2.5e-05
57.3236946422,-29.9588208835,2.5e-05
57.3116613986,-29.9923916453,2.5e-05
57.3262432865,-30.0359305247,2.5e-05
57.2617899075,-30.0024959293,2.5e-05
57.3293948499,-29.9777576728,2.5e-05
57.2816597137,-29.9872450155,2.5e-05
57.338865071,-29.9779590408,2.5e-05
57.2568788306,-30.0350316852,2.5e-05
57.3076605778,-29.9622537496,2.5e-05
57.2762062355,-29.9693041959,2.5e-05
57.2833611472,-29.992616314,2.5e-05
57.2993978606,-29.9622024103,2.5e-05
57.3129797341,-30.0335219496,2.5e-05
57.3026394023,-30.01963988,2.5e-05
57.3182269194,-30.0150676782,2.5e-05
57.2897136525,-30.007026864,2.5e-05
57.2812617092,-30.0259118412,2.5e-05
57.271099242,-30.0415864858,2.5e-05
57.3135636427,-29.9682662731,2.5e-05
57.3323950373,-29.9865914963,2.5e-05
57.3368677131,-29.9610593198,2.5e-05
57.26931408,-29.9838537815,2.5e-05
57.3147193504,-30.0092674629,2.5e-05
57.3018190047,-29.9681242263,2.5e-05
57.2796676929,-29.9713808668,2.5e-05
57.2838708781,-29.9816585095,2.5e-05
57.2921935303,-29.9655588108,2.5e-05
57.3022965695,-29.9934026529,2.5e-05
57.3257429152,-29.9863004642,2.5e-05
57.2966552534,-30.0195915319,2.5e-05
57.2716623761,-30.0164705326,2.5e-05
57.3026765357,-29.9800510299,2.5e-05
